220.8
220.7
220.9
220.8
220.9
220.8
220.7
220.8
220.825
220.8
220.7
220.9
220.75
220.9
220.8
220.75
220.75
220.725
220.875
220.875
220.8
220.775
220.9
220.75
220.8
220.8
220.8
220.8
220.75
220.8
220.85
220.75
220.725
220.9
220.75
220.7
220.8
220.8
220.8
220.9
220.75
220.8
220.6
220.65
220.6
220.8
220.8
220.6
220.75
220.7
220.8
220.9
220.7
220.9
220.8
220.7
220.85
220.8
220.8
220.725
220.8
220.825
220.85
220.775
220.7
220.9
220.8
220.725
220.9
220.85
220.85
220.8
220.8
220.875
220.8
220.825
220.8
220.8
220.775
220.8
220.8
220.9
220.9
220.85
220.8
220.8
220.75
220.85
220.8
220.75
220.8
220.75
220.875
220.7
220.8
220.8
220.8
220.75
220.9
220.85

